0.08457300275482094,0.4415977961432507,0.0542056074766355,0.4738317757009346
0.17548209366391185,0.5573002754820937,0.6616822429906543,1.1
0.6052341597796144,0.8988980716253443,-0.09532710280373832,0.17009345794392522
0.340771349862259,0.6454545454545454,0.07757009345794391,0.40841121495327104
0.7292011019283747,1.0972451790633608,0.47476635514018695,1.0672897196261684
-0.06418732782369146,0.2900826446280992,0.1336448598130841,0.5813084112149532
0.14517906336088154,0.4884297520661157,0.591588785046729,0.9317757009345794
0.4234159779614325,0.8134986225895317,-0.029906542056074778,0.5112149532710281
0.42617079889807163,0.8713498622589532,-0.09532710280373832,0.3383177570093458
-0.1,0.21570247933884298,0.19906542056074764,0.5532710280373832
0.6465564738292011,0.9787878787878788,0.11028037383177569,0.5672897196261683
0.36556473829201097,0.750137741046832,0.5822429906542056,1.1
0.5115702479338843,0.8300275482093664,0.11028037383177569,0.5579439252336449
0.7787878787878788,1.0972451790633608,0.21308411214953268,0.6981308411214953
0.24710743801652893,0.6702479338842975,0.3813084112149533,0.8523364485981308
0.6493112947658403,0.9953168044077135,0.11495327102803737,0.6093457943925233
0.1975206611570248,0.47741046831955924,0.0822429906542056,0.49719626168224296
0.01845730027548209,0.34517906336088156,0.4841121495327103,0.805607476635514
0.2608815426997245,0.7666666666666666,0.27383177570093453,0.8336448598130841
0.3931129476584022,0.728099173553719,0.10560747663551401,0.7261682242990654
-0.09449035812672177,0.24049586776859505,0.33457943925233646,0.7962616822429907
-0.1,0.17988980716253444,0.6710280373831776,1.085981308411215
0.5143250688705234,0.8382920110192837,0.1336448598130841,0.5626168224299065
0.22782369146005507,0.5077134986225895,-0.029906542056074778,0.3336448598130841
0.409641873278237,0.7831955922865014,0.29252336448598126,0.8289719626168224
0.3793388429752066,0.7528925619834711,0.5588785046728972,0.8943925233644859
0.18374655647382918,0.5269972451790633,0.5588785046728972,1.0626168224299066
0.7181818181818183,1.050413223140496,0.29252336448598126,0.8009345794392523
-0.014600550964187331,0.309366391184573,0.31588785046728973,0.7214953271028037
0.481267217630854,0.9925619834710744,0.4654205607476636,1.1
-0.1,0.1881542699724518,0.32056074766355136,0.7355140186915887
0.12589531680440771,0.4636363636363636,0.208411214953271,0.5766355140186916
0.4316804407713499,0.8823691460055096,-0.09532710280373832,0.38037383177570094
0.7925619834710744,1.0972451790633608,0.5214953271028038,1.1
0.08457300275482094,0.425068870523416,0.4233644859813084,0.8523364485981308
0.026721763085399447,0.40303030303030307,0.2551401869158878,0.7261682242990654
0.26363636363636367,0.5738292011019284,-0.05794392523364487,0.40841121495327104
0.7374655647382921,1.0393939393939395,-0.0018691588785046814,0.45514018691588787
0.7650137741046832,1.0449035812672176,0.5869158878504673,1.1
0.20578512396694212,0.5628099173553719,0.11495327102803737,0.6700934579439252
0.3352617079889807,0.6316804407713499,0.1570093457943925,0.5766355140186916
-0.1,0.2046831955922865,-0.0018691588785046814,0.41308411214953267
0.21129476584022036,0.5325068870523416,0.47476635514018695,0.9878504672897196
0.35730027548209364,0.6261707988980716,0.1803738317757009,0.6327102803738317
0.8008264462809918,1.0972451790633608,0.0028037383177570013,0.45046728971962613
0.6300275482093665,1.0228650137741047,0.6009345794392523,1.1
0.43994490358126725,0.8520661157024794,0.3299065420560747,0.908411214953271
0.43443526170798896,0.8548209366391184,0.5962616822429907,1.1
0.21129476584022036,0.5628099173553719,-0.09532710280373832,0.29626168224299065
0.35179063360881546,0.6454545454545454,-0.09532710280373832,0.29158878504672897
0.6878787878787879,1.009090909090909,0.7177570093457945,1.1
-0.04765840220385675,0.2707988980716254,0.7551401869158879,1.1
-0.1,0.22396694214876034,-0.09532710280373832,0.2775700934579439
-0.011845730027548212,0.4195592286501377,0.6710280373831776,1.1
0.1975206611570248,0.5600550964187327,0.2504672897196262,0.8429906542056075
0.04325068870523416,0.3589531680440772,0.591588785046729,0.9177570093457944
0.6603305785123967,1.025619834710744,-0.09532710280373832,0.2588785046728972
0.029476584022038566,0.36446280991735536,0.6616822429906543,1.029906542056075
0.48953168044077133,0.9457300275482093,0.6242990654205608,1.1
-0.0393939393939394,0.2652892561983471,0.5962616822429907,1.0112149532710282
0.5611570247933885,0.9429752066115702,0.30654205607476637,0.8242990654205608
0.5088154269972452,0.8520661157024794,0.04018691588785045,0.4878504672897196
-0.1,0.16336088154269973,0.7551401869158879,1.1
0.1231404958677686,0.5380165289256198,-0.09532710280373832,0.3616822429906542
0.6603305785123967,1.0366391184573003,-0.09532710280373832,0.3149532710280374
-0.009090909090909094,0.4608815426997245,0.6196261682242991,1.1
-0.006336088154269975,0.3424242424242424,-0.09532710280373832,0.2588785046728972
0.07079889807162534,0.4884297520661157,0.09158878504672896,0.6467289719626168
0.5143250688705234,0.9209366391184572,0.1850467289719626,0.7074766355140186
0.22782369146005507,0.5573002754820937,-0.04392523364485982,0.48317757009345796
0.44545454545454544,0.9429752066115702,0.5121495327102804,1.1
0.18374655647382918,0.5573002754820937,0.3859813084112149,0.8663551401869158
0.7099173553719008,1.0476584022038569,0.1850467289719626,0.6046728971962616
0.2526170798898072,0.7694214876033058,0.5214953271028038,1.1
-0.0696969696969697,0.2790633608815427,0.5542056074766355,0.922429906542056
-0.061432506887052346,0.32589531680440775,-0.0018691588785046814,0.4738317757009346
0.6713498622589532,1.0338842975206612,-0.09532710280373832,0.3897196261682243
0.47851239669421486,0.774931129476584,0.6009345794392523,0.922429906542056
0.7925619834710744,1.0972451790633608,-0.0018691588785046814,0.5112149532710281
0.5997245179063361,0.9429752066115702,-0.09532710280373832,0.24485981308411214
-0.1,0.22672176308539946,0.07757009345794391,0.42242990654205603
0.7622589531680442,1.0972451790633608,0.297196261682243,0.8289719626168224
0.007438016528925617,0.4801652892561984,0.5822429906542056,1.1
0.8118457300275482,1.0972451790633608,0.6476635514018692,1.1
0.5887052341597796,1.0146005509641873,-0.09532710280373832,0.39439252336448594
-0.1,0.17713498622589532,0.5308411214953271,0.9457943925233645
0.41515151515151516,0.7859504132231405,-0.09532710280373832,0.3757009345794392
0.39586776859504136,0.7115702479338842,-0.09532710280373832,0.35233644859813085
0.2801652892561983,0.5683195592286502,-0.09532710280373832,0.2542056074766355
0.5060606060606061,0.8630853994490358,0.11962616822429906,0.5813084112149532
0.2911845730027548,0.6895316804407713,0.5308411214953271,1.0906542056074766
0.35730027548209364,0.6426997245179064,0.021495327102803732,0.32897196261682243
0.22782369146005507,0.7473829201101928,0.5121495327102804,1.1
0.4179063360881543,0.7694214876033058,-0.08598130841121496,0.38504672897196257
0.61900826446281,1.0173553719008266,0.3532710280373832,0.8990654205607477
0.25537190082644623,0.5517906336088154,0.5588785046728972,1.0532710280373832
0.2581267217630854,0.7804407713498622,0.0542056074766355,0.8336448598130841
0.04049586776859504,0.37548209366391183,-0.09532710280373832,0.2869158878504673
0.3352617079889807,0.5848484848484848,0.03551401869158877,0.38037383177570094
0.7760330578512397,1.0972451790633608,-0.09532710280373832,0.2588785046728972
0.08457300275482094,0.4415977961432507,0.0542056074766355,0.4738317757009346
0.17548209366391185,0.5573002754820937,0.6616822429906543,1.1
0.6052341597796144,0.8988980716253443,-0.09532710280373832,0.17009345794392522
0.340771349862259,0.6454545454545454,0.07757009345794391,0.40841121495327104
0.7292011019283747,1.0972451790633608,0.47476635514018695,1.0672897196261684
-0.06418732782369146,0.2900826446280992,0.1336448598130841,0.5813084112149532
0.14517906336088154,0.4884297520661157,0.591588785046729,0.9317757009345794
0.4234159779614325,0.8134986225895317,-0.029906542056074778,0.5112149532710281
0.42617079889807163,0.8713498622589532,-0.09532710280373832,0.3383177570093458
-0.1,0.21570247933884298,0.19906542056074764,0.5532710280373832
0.6465564738292011,0.9787878787878788,0.11028037383177569,0.5672897196261683
0.36556473829201097,0.750137741046832,0.5822429906542056,1.1
0.5115702479338843,0.8300275482093664,0.11028037383177569,0.5579439252336449
0.7787878787878788,1.0972451790633608,0.21308411214953268,0.6981308411214953
0.24710743801652893,0.6702479338842975,0.3813084112149533,0.8523364485981308
0.6493112947658403,0.9953168044077135,0.11495327102803737,0.6093457943925233
0.1975206611570248,0.47741046831955924,0.0822429906542056,0.49719626168224296
0.01845730027548209,0.34517906336088156,0.4841121495327103,0.805607476635514
0.2608815426997245,0.7666666666666666,0.27383177570093453,0.8336448598130841
0.3931129476584022,0.728099173553719,0.10560747663551401,0.7261682242990654
-0.09449035812672177,0.24049586776859505,0.33457943925233646,0.7962616822429907
-0.1,0.17988980716253444,0.6710280373831776,1.085981308411215
0.5143250688705234,0.8382920110192837,0.1336448598130841,0.5626168224299065
0.22782369146005507,0.5077134986225895,-0.029906542056074778,0.3336448598130841
0.409641873278237,0.7831955922865014,0.29252336448598126,0.8289719626168224
0.3793388429752066,0.7528925619834711,0.5588785046728972,0.8943925233644859
0.18374655647382918,0.5269972451790633,0.5588785046728972,1.0626168224299066
0.7181818181818183,1.050413223140496,0.29252336448598126,0.8009345794392523
-0.014600550964187331,0.309366391184573,0.31588785046728973,0.7214953271028037
0.481267217630854,0.9925619834710744,0.4654205607476636,1.1
-0.1,0.1881542699724518,0.32056074766355136,0.7355140186915887
0.12589531680440771,0.4636363636363636,0.208411214953271,0.5766355140186916
0.4316804407713499,0.8823691460055096,-0.09532710280373832,0.38037383177570094
0.7925619834710744,1.0972451790633608,0.5214953271028038,1.1
0.08457300275482094,0.425068870523416,0.4233644859813084,0.8523364485981308
0.026721763085399447,0.40303030303030307,0.2551401869158878,0.7261682242990654
0.26363636363636367,0.5738292011019284,-0.05794392523364487,0.40841121495327104
0.7374655647382921,1.0393939393939395,-0.0018691588785046814,0.45514018691588787
0.7650137741046832,1.0449035812672176,0.5869158878504673,1.1
0.20578512396694212,0.5628099173553719,0.11495327102803737,0.6700934579439252
0.3352617079889807,0.6316804407713499,0.1570093457943925,0.5766355140186916
-0.1,0.2046831955922865,-0.0018691588785046814,0.41308411214953267
0.21129476584022036,0.5325068870523416,0.47476635514018695,0.9878504672897196
0.35730027548209364,0.6261707988980716,0.1803738317757009,0.6327102803738317
0.8008264462809918,1.0972451790633608,0.0028037383177570013,0.45046728971962613
0.6300275482093665,1.0228650137741047,0.6009345794392523,1.1
0.43994490358126725,0.8520661157024794,0.3299065420560747,0.908411214953271
0.43443526170798896,0.8548209366391184,0.5962616822429907,1.1
0.21129476584022036,0.5628099173553719,-0.09532710280373832,0.29626168224299065
0.35179063360881546,0.6454545454545454,-0.09532710280373832,0.29158878504672897
0.6878787878787879,1.009090909090909,0.7177570093457945,1.1
-0.04765840220385675,0.2707988980716254,0.7551401869158879,1.1
-0.1,0.22396694214876034,-0.09532710280373832,0.2775700934579439
-0.011845730027548212,0.4195592286501377,0.6710280373831776,1.1
0.1975206611570248,0.5600550964187327,0.2504672897196262,0.8429906542056075
0.04325068870523416,0.3589531680440772,0.591588785046729,0.9177570093457944
0.6603305785123967,1.025619834710744,-0.09532710280373832,0.2588785046728972
0.029476584022038566,0.36446280991735536,0.6616822429906543,1.029906542056075
0.48953168044077133,0.9457300275482093,0.6242990654205608,1.1
-0.0393939393939394,0.2652892561983471,0.5962616822429907,1.0112149532710282
0.5611570247933885,0.9429752066115702,0.30654205607476637,0.8242990654205608
0.5088154269972452,0.8520661157024794,0.04018691588785045,0.4878504672897196
-0.1,0.16336088154269973,0.7551401869158879,1.1
0.1231404958677686,0.5380165289256198,-0.09532710280373832,0.3616822429906542
0.6603305785123967,1.0366391184573003,-0.09532710280373832,0.3149532710280374
-0.009090909090909094,0.4608815426997245,0.6196261682242991,1.1
-0.006336088154269975,0.3424242424242424,-0.09532710280373832,0.2588785046728972
0.07079889807162534,0.4884297520661157,0.09158878504672896,0.6467289719626168
0.5143250688705234,0.9209366391184572,0.1850467289719626,0.7074766355140186
0.22782369146005507,0.5573002754820937,-0.04392523364485982,0.48317757009345796
0.44545454545454544,0.9429752066115702,0.5121495327102804,1.1
0.18374655647382918,0.5573002754820937,0.3859813084112149,0.8663551401869158
0.7099173553719008,1.0476584022038569,0.1850467289719626,0.6046728971962616
0.2526170798898072,0.7694214876033058,0.5214953271028038,1.1
-0.0696969696969697,0.2790633608815427,0.5542056074766355,0.922429906542056
-0.061432506887052346,0.32589531680440775,-0.0018691588785046814,0.4738317757009346
0.6713498622589532,1.0338842975206612,-0.09532710280373832,0.3897196261682243
0.47851239669421486,0.774931129476584,0.6009345794392523,0.922429906542056
0.7925619834710744,1.0972451790633608,-0.0018691588785046814,0.5112149532710281
0.5997245179063361,0.9429752066115702,-0.09532710280373832,0.24485981308411214
-0.1,0.22672176308539946,0.07757009345794391,0.42242990654205603
0.7622589531680442,1.0972451790633608,0.297196261682243,0.8289719626168224
0.007438016528925617,0.4801652892561984,0.5822429906542056,1.1
0.8118457300275482,1.0972451790633608,0.6476635514018692,1.1
0.5887052341597796,1.0146005509641873,-0.09532710280373832,0.39439252336448594
-0.1,0.17713498622589532,0.5308411214953271,0.9457943925233645
0.41515151515151516,0.7859504132231405,-0.09532710280373832,0.3757009345794392
0.39586776859504136,0.7115702479338842,-0.09532710280373832,0.35233644859813085
0.2801652892561983,0.5683195592286502,-0.09532710280373832,0.2542056074766355
0.5060606060606061,0.8630853994490358,0.11962616822429906,0.5813084112149532
0.2911845730027548,0.6895316804407713,0.5308411214953271,1.0906542056074766
0.35730027548209364,0.6426997245179064,0.021495327102803732,0.32897196261682243
0.22782369146005507,0.7473829201101928,0.5121495327102804,1.1
0.4179063360881543,0.7694214876033058,-0.08598130841121496,0.38504672897196257
0.61900826446281,1.0173553719008266,0.3532710280373832,0.8990654205607477
0.25537190082644623,0.5517906336088154,0.5588785046728972,1.0532710280373832
0.2581267217630854,0.7804407713498622,0.0542056074766355,0.8336448598130841
0.04049586776859504,0.37548209366391183,-0.09532710280373832,0.2869158878504673
0.3352617079889807,0.5848484848484848,0.03551401869158877,0.38037383177570094
0.7760330578512397,1.0972451790633608,-0.09532710280373832,0.2588785046728972
